0.111468412647782
0.435856567492263
0.97243879975898
0.69682695460346
0.315118070736819
0.727312148159059
1.1699914191369
0.469991419136897
-0.0239115421519831
0.276088457848017
-0.0995233873075036
0.0309618062480949
-0.350747077618546
-0.444650038907425
1.59193219335929
-0.195873729218468
-0.289776690507348
-0.0470974195295096
0.26509665789273
-0.82270926468503
-0.422709264685031
-0.0861270324183114
0.932164083715048
0.874843354692887
0.780940393404007
0.617522625670724
-0.42150698721808
0.0784930127819205
-2.00321587108472
-2.07882771624024
0.539463399893118
-1.86053660010688
-0.554439561395761
0.545560438604238
-2.14834252268464
-1.72395436784016
-1.89591655490665
-0.371528400062168
-0.559334322639929
-0.604460974239851
-0.492266896817611
-0.555684664550894
-0.337393548417535
-0.515452774195139
-0.203258696772899
-0.411803116106101
-0.511803116106102
4.30039096131614
4.30039096131614
