"x"
1.38518548112826
4.84651130259148
4.52787130114126
0.76016406022774
5.35478421675695
0.741920594761095
1.77951952206641
10.5411935548195
0.585579213416571
6.69996187334302
0.44141625905157
0.847832997090454
12.7840470053798
3.92792667430279
0.708744011765875
0.225915187784843
13.4077169826529
1.25120871104882
0.226814788469502
0.384611715339065
0.46951497513191
0.411763215914301
0.399785779843897
0.472906266761476
1.13982290886619
8.63792615102594
1.5392439009555
0.640037680790331
0.444720602741701
4.73497960139822
0.166891145304335
0.26555091788063
1.098951627305
0.509029841909447
3.68912379160774
0.36389664388062
499.485632337274
1.01225660617386
4.9076415986948
0.420166090455188
6.45225665865622
0.712979822192514
6.58837605437809
0.0870273401570531
0.147061759565177
0.631852757320606
0.716944708875812
0.217085539286379
0.74650233137027
1.57940954375819
1.08327940976751
0.650255730875803
14.9826009208064
0.40935297565204
2.31347802465852
1.11965636518923
1.26989785974711
0.624040797154366
1.95258519164453
1.14939907979021
1.25568559159486
17.4834045247304
2.31311392078916
0.465997614758173
0.342906807270898
0.615227448607426
0.470224166759269
0.246746898012741
0.302091410737619
2.21988786090105
130.206455406087
5.49499323564603
0.224970411210774
0.42668628489788
6.85820042291759
0.835328213806406
0.397798555979207
1.17790823934004
1.06638423272509
1.44604809575023
1.94123680572721
0.759479974553852
4.46256690168095
0.654676128944164
0.620304044084229
0.999877831498253
3.19190389462262
0.256692977317003
1.73437181264416
0.544001943629757
2.97346621112534
5.55098695458727
0.537971155748801
0.376966426732016
0.69014542879659
0.994000366228009
1.17358307555111
2.59780727330275
0.266924911291337
1.0088980854916
