
104.38
74.12
26.59
147.33
190.10
169.71
116.00
95.96
118.73
51.08
51.27
68.01
158.68
93.59
76.80
81.44
262.01
66.58
129.34
263.87
35.02
343.71
75.53
109.23
39.11
148.45
149.39
198.18
169.41
141.23
75.79
245.91
130.35
128.35
278.66
183.08
66.15
59.29
215.34
186.86
383.72
219.79
73.71
94.68
236.68
97.73
161.29
130.83
92.90
85.38
62.67
170.30
113.85
17.59
73.10
182.94
275.74
349.56
279.30
80.65
221.35
227.33
211.36
150.64
367.10
75.25
91.21
187.20
229.08
391.74
56.81
207.02
379.18
279.86
74.58
181.50
231.20
187.17
312.11
119.23
207.43
111.02
540.46
250.54
49.51
424.50
50.08
29.53
107.69
129.58
48.96
41.54
154.82
278.64
108.77
117.20
344.44
78.94
146.36
94.13
208.99
65.37
90.80
115.55
190.85
293.12
88.37
88.23
379.20
90.46
321.29
225.09
201.49
120.36
114.11
65.74
119.61
180.58
157.27
168.40